c204

capacity,speed
700,10

happen_time,style,ind,osmid,XCoord,YCoord,demand,ready_time,due_time,service_time
0,static,0,5227240334,745154,2543668,0,0,1000000,0
0,static,40,4084853763,748316,2546548,20,1381,5005,30
0,static,59,7794250820,740339,2539529,40,1421,5618,30
0,static,54,8866555992,749656,2548750,10,1500,6027,30
0,static,75,6217750297,741294,2539911,30,1517,6008,30
0,static,77,7794227966,741006,2537904,20,1545,4638,30
0,static,33,7242955954,751673,2548158,20,1670,4013,30
0,static,24,8567937763,751936,2546505,40,1705,5709,30
0,static,45,8866546563,750577,2546251,20,1775,6510,30
0,static,60,8519485073,741596,2537258,40,1778,6271,30
0,static,57,4084845844,749522,2546936,10,1787,8673,30
0,static,67,6027483031,740155,2536942,40,1825,6675,30
0,static,31,8866555947,750785,2549854,20,1867,7045,30
0,static,36,5227149204,746764,2547867,20,1877,6816,30
0,static,46,8532646185,750151,2544230,20,1891,7096,30
0,static,94,8467112864,751193,2539425,40,1901,8057,30
0,static,47,9480556858,747657,2547908,20,1909,6965,30
0,static,91,2180774954,752091,2539695,40,1925,4842,30
0,static,71,6027463573,742253,2536371,30,1933,6490,30
0,static,95,8519394786,753919,2537700,40,1951,7053,30
0,static,25,5814541402,749433,2550152,40,1959,9951,30
0,static,41,8564082509,753455,2550952,20,1959,7724,30
0,static,39,5227685508,748342,2550756,20,1963,5194,30
0,static,44,5223314031,754982,2549400,20,1964,7957,30
0,static,34,2540571745,751084,2545454,20,1981,5808,30
0,static,38,8435084518,755637,2550533,20,1983,7648,30
0,static,17,6175172092,736814,2546780,30,1998,5099,30
0,static,6,5064760793,736924,2548656,40,2024,5359,30
0,static,83,5227300492,751703,2538475,40,2026,6394,30
0,static,56,8567221409,749551,2551076,10,2048,6784,30
0,static,63,6027468410,739322,2536670,40,2054,7429,30
0,static,86,5227314437,752712,2537991,40,2062,6143,30
0,static,90,5227314467,751363,2537534,40,2068,5233,30
0,static,69,1231198338,742019,2538238,30,2083,6550,30
0,static,43,5227197224,751963,2550239,20,2084,6987,30
0,static,72,6027499548,737775,2536375,30,2088,5959,30
0,static,100,5227300342,750500,2537813,10,2091,7057,30
0,static,74,6027484585,739972,2537779,30,2098,6260,30
0,static,85,8519394777,754285,2536951,40,2117,5886,30
0,static,98,4625230616,754848,2538710,20,2133,4996,30
0,static,50,9177508348,748545,2549527,20,2160,6056,30
0,static,76,8293607305,739542,2538510,20,2175,8713,30
0,static,10,9459546315,734196,2547735,40,2186,8441,30
0,static,84,8507269348,754808,2539579,40,2194,5613,30
0,static,99,8519394805,753422,2538489,10,2202,5959,30
0,static,21,9249543603,735200,2547872,10,2220,8498,30
0,static,9,9269306665,736875,2547587,40,2230,6275,30
0,static,81,8519394867,752511,2536616,40,2230,7008,30
0,static,73,8283028319,740895,2536106,30,2263,6362,30
0,static,87,5227292355,749838,2537003,40,2274,6342,30
0,static,28,8599537372,754226,2550673,30,2278,5060,30
0,static,16,4446939803,736321,2549764,30,2300,5125,30
0,static,49,8563305783,755330,2548034,20,2303,6463,30
0,static,82,4631931939,753543,2539663,40,2314,6599,30
0,static,7,9555558768,737240,2550628,40,2323,7282,30
0,static,93,8519394467,755502,2536974,40,2388,5492,30
0,static,89,5227300564,751082,2536694,40,2399,7033,30
0,static,8,7081998538,734770,2549567,40,2409,4702,30
0,static,55,9441316343,751082,2552906,10,2419,5951,30
0,static,2,7165290236,733647,2551421,40,2433,7538,30
0,static,20,3906673246,737124,2549632,10,2475,5946,30
0,static,1,5064760778,736049,2547448,40,2485,5613,30
0,static,88,8519391546,753910,2536224,40,2489,5228,30
0,static,79,6343092186,738463,2535720,20,2492,9410,30
0,static,32,9438443603,754252,2549850,20,2503,8159,30
0,static,42,8563305762,753217,2549203,20,2503,8054,30
0,static,15,4303021995,738091,2549273,30,2504,4167,30
0,static,66,6027524440,741081,2535024,40,2516,6550,30
0,static,61,8255031321,739430,2534686,40,2517,6138,30
0,static,97,5227300689,753307,2536893,30,2531,8054,30
0,static,27,5227839663,749638,2551898,30,2532,7308,30
0,static,26,8318773136,752363,2552063,30,2569,5417,30
0,static,37,9480259513,753632,2547335,20,2677,9263,30
0,static,5,9387613041,733902,2549725,40,2684,7347,30
0,static,29,8939458981,754486,2548155,30,2685,10877,30
0,static,22,7088119228,731931,2548600,10,2689,6181,30
0,static,51,8461601261,756238,2547017,10,2692,7336,30
0,static,4,8790026462,735246,2550667,40,2702,9030,30
0,static,11,9143427395,732955,2546894,40,2771,8607,30
0,static,19,5261426320,732194,2550962,10,2836,6215,30
0,static,3,5261440177,733295,2550521,40,2870,7178,30
0,static,14,5261426482,731797,2550190,30,3195,7713,30
0,static,13,5261426029,731227,2550795,30,3307,9563,30
84,add,12,1184980840,733769,2548565,40,2575,7661,30
258,remove,47,9480556858,747657,2547908,20,1909,6965,30
308,remove,79,6343092186,738463,2535720,20,2492,9410,30
553,add,53,8442087433,756662,2549314,10,2588,7250,30
717,add,52,8866550471,751396,2548990,10,2095,7338,30
914,remove,84,8507269348,754808,2539579,40,2194,5613,30
955,remove,27,5227839663,749638,2551898,30,2532,7308,30
965,remove,66,6027524440,741081,2535024,40,2516,6550,30
994,remove,39,5227685508,748342,2550756,20,1963,5194,30
1046,remove,75,6217750297,741294,2539911,30,1517,6008,30
1078,add,58,8563969320,753276,2548081,10,1832,5534,30
1282,remove,69,1231198338,742019,2538238,30,2083,6550,30
1375,add,78,8509652053,742582,2537495,20,2237,8350,30
1384,remove,61,8255031321,739430,2534686,40,2517,6138,30
1480,add,80,6027520060,741263,2534148,20,2668,6948,30
1533,add,64,6027438159,741791,2535667,40,2316,8290,30
1574,remove,56,8567221409,749551,2551076,10,2048,6784,30
1600,remove,87,5227292355,749838,2537003,40,2274,6342,30
1649,add,48,5315933292,747364,2549801,20,1953,9025,30
1766,remove,93,8519394467,755502,2536974,40,2388,5492,30
1956,add,96,8519391530,754761,2537595,30,2226,6543,30
2756,add,70,6027480723,740205,2535083,30,2233,6656,30
3052,add,62,7794228309,740824,2538829,40,1969,7123,30
3162,add,35,8395708338,747163,2548620,20,2012,6003,30
3179,add,65,6027421548,739988,2535924,40,2242,6227,30
3852,add,18,5261426232,732769,2549629,20,2443,7780,30
3854,add,23,4638394722,736088,2550606,10,2221,9737,30
3885,add,68,6031304659,743020,2536779,30,2213,7158,30
4230,add,92,8519394511,755390,2535908,40,2283,6145,30
4776,add,30,7329079663,754357,2551834,20,2471,8399,30
